%YAML:1.0
calibration_time: "04/26/14 17:16:56"
nframes: 10
image_width: 1280
image_height: 720
board_width: 9
board_height: 6
square_size: 1.
flags: 0
camera_matrix: !!opencv-matrix
   rows: 3
   cols: 3
   dt: d
   data: [ 1.5703261605860009e+003, 0., 6.5346807825759936e+002,
           0., 1.5403394332479334e+003, 2.9816778995217970e+002,
           0., 0., 1. ]
distortion_coefficients: !!opencv-matrix
   rows: 5
   cols: 1
   dt: d
   data: [ -3.2616717859936717e-001, 7.0212648725407734e+000,
       -3.1929727993513417e-004, 5.1228451745190576e-004,
       -5.2631179949297639e+001 ]
avg_reprojection_error: 1.7253505714457167e+000
per_view_reprojection_errors: !!opencv-matrix
   rows: 10
   cols: 1
   dt: f
   data: [ 2.85247654e-001, 3.07291448e-001, 2.66268563e+000,
       3.35347235e-001, 2.91035354e-001, 3.18984318e+000,
       1.76949632e+000, 2.96838331e+000, 2.92881757e-001,
       3.19689065e-001 ]
# a set of 6-tuples (rotation vector + translation vector) for each view
extrinsic_parameters: !!opencv-matrix
   rows: 10
   cols: 6
   dt: d
   data: [ -9.7619161960717044e-002, 3.5903954338995203e-001,
       -4.1465432483102430e-002, -5.8000379522588927e+000,
       -1.6984632876032317e+000, 2.2865653691996286e+001,
       -1.0255986796203422e-001, 3.6127433806197612e-001,
       -4.0389531825457521e-002, -5.7915286962846668e+000,
       -1.6998433804777016e+000, 2.2856332236051813e+001,
       -9.8522832247136552e-002, 3.5662340546321453e-001,
       -4.2561917534780884e-002, -5.8013986667959507e+000,
       -1.6929227769309230e+000, 2.2857220265968138e+001,
       -1.0515963197825837e-001, 3.6835237352817357e-001,
       -4.0616582178911287e-002, -5.7721818624238654e+000,
       -1.7012789221870339e+000, 2.2823171645517995e+001,
       -1.0871721396624237e-001, 3.6384698088018186e-001,
       -3.9952685184925688e-002, -5.7810794467381443e+000,
       -1.7024182151664795e+000, 2.2858188981950697e+001,
       -1.0298175965831621e-001, 3.5483220101447965e-001,
       -4.2654129828087375e-002, -5.8080975354149240e+000,
       -1.7071942904615136e+000, 2.2913043617369848e+001,
       -1.0040568990332362e-001, 3.6380734326135666e-001,
       -3.9483197222776011e-002, -5.7902001052120520e+000,
       -1.7167543813209287e+000, 2.2895887382325558e+001,
       -1.1186705085640344e-001, 3.5529450081526442e-001,
       -4.0679220372215469e-002, -5.8084156781822704e+000,
       -1.6979797759571997e+000, 2.2952467091072446e+001,
       -1.0913986909184498e-001, 3.6011232925033465e-001,
       -4.0050002867916684e-002, -5.8008512775576611e+000,
       -1.7009235509507297e+000, 2.2934049789233416e+001,
       -1.0839891973282154e-001, 3.6274978510657852e-001,
       -3.9518850951647963e-002, -5.7963629245373980e+000,
       -1.7096102754572424e+000, 2.2924451927847706e+001 ]
